4, 0.000463
9, 0.000464
16, 0
25, 0.000464
36, 0.000464
49, 0.000927
64, 0.000928
81, 0.001391
100, 0.001392
121, 0.001391
144, 0.001855
169, 0.002318
196, 0.002783
225, 0.003247
256, 0.003246
289, 0.004637
324, 0.005101
361, 0.005565
400, 0.005565
441, 0.007884
484, 0.010666
529, 0.012058
576, 0.012058
625, 0.017624
676, 0.017159
729, 0.019015
784, 0.020406
841, 0.025507
900, 0.026899
961, 0.030145
1024, 0.032
1089, 0.038493
1156, 0.040348
1225, 0.043594
1296, 0.045913
1369, 0.055189
1444, 0.055652
1521, 0.06029
1600, 0.063072
1681, 0.074203
1764, 0.08858
1849, 0.061218
1936, 0.063072
2025, 0.073739
2116, 0.073275
2209, 0.078377
2304, 0.081623
2401, 0.093681
2500, 0.106203
2601, 0.098319
2704, 0.100638
2809, 0.117333
2916, 0.123362
3025, 0.148405
3136, 0.15629
3249, 0.18087
3364, 0.173913
3481, 0.179943
3600, 0.183653
3721, 0.209623
3844, 0.192464
3969, 0.202667
4096, 0.215189
4225, 0.202667
4356, 0.202667
4489, 0.212406
4624, 0.218899
4761, 0.241159
4900, 0.241159
5041, 0.255073
5184, 0.260637
5329, 0.286145
5476, 0.288927
5625, 0.306551
5776, 0.322783
5929, 0.34829
6084, 0.354783
6241, 0.380754
6400, 0.411827
6561, 0.435943
6724, 0.454957
6889, 0.455884
7056, 0.453102
7225, 0.475826
7396, 0.480465
7569, 0.504117
7744, 0.502725
7921, 0.551421
8100, 0.559768
8281, 0.588986
8464, 0.648812
8649, 0.684986
8836, 0.649276
9025, 0.677566
9216, 0.711885
9409, 0.731363
9604, 0.742958
9801, 0.776812
10000, 0.78145
10201, 0.838494
10404, 0.847769
10609, 0.88116
10816, 0.878378
11025, 0.946552
11236, 0.961856
11449, 0.999885
11664, 0.99803
11881, 1.07733
12100, 1.11536
12321, 1.12835
12544, 1.13902
12769, 1.22899
12996, 1.23084
13225, 1.26609
13456, 1.26377
13689, 1.35142
13924, 1.37044
14161, 1.42052
14400, 1.4247
14641, 1.65473
14884, 1.5578
15129, 1.6269
15376, 1.57264
15625, 1.67328
15876, 1.6909
16129, 1.74099
16384, 1.89774
16641, 1.83606
16900, 1.93902
17161, 1.94365
17424, 1.93299
17689, 2.0378
17956, 2.05728
18225, 2.12591
18496, 2.17693
18769, 2.33832
19044, 2.30725
19321, 2.36522
19600, 2.36568
19881, 2.54006
20164, 2.5498
20449, 2.7942
20736, 2.57994
21025, 2.71861
21316, 2.70702
21609, 2.7469
21904, 2.72603
22201, 3.15502
22500, 2.89855
22801, 2.98713
23104, 2.96673
23409, 3.10215
23716, 3.5687
24025, 3.22412
24336, 3.31502
24649, 3.43884
24964, 3.61508
25281, 3.55154
25600, 3.70597
25921, 3.79966
26244, 4.0269
26569, 3.84974
26896, 3.8785
27225, 3.97867
27556, 4.45682
27889, 4.13496
28224, 4.14285
28561, 4.40209
28900, 4.64418
29241, 4.57461
29584, 4.53009
29929, 4.9076
30276, 4.70911
30625, 4.80835
30976, 4.99525
31329, 4.94238
31684, 5.04024
32041, 5.24847
32400, 5.15293
32761, 5.44696
33124, 5.6756
33489, 5.56615
33856, 5.57774
34225, 6.05172
34596, 5.86714
34969, 5.91212
35344, 5.99282
35721, 6.06888
36100, 6.25716
36481, 6.27061
36864, 6.34204
37249, 6.6458
37636, 6.52801
38025, 6.81972
38416, 6.65508
38809, 6.9927
39204, 6.9658
39601, 7.74308
40000, 7.07201
40401, 7.52325
40804, 7.41705
41209, 7.78621
41616, 7.56638
42025, 8.0487
42436, 7.93044
42849, 8.21612
43264, 8.04267
43681, 8.50459
44100, 8.37566
44521, 8.66598
44944, 8.57462
45369, 8.96233
45796, 9.02957
46225, 9.30598
46656, 9.07502
47089, 9.49612
47524, 9.46366
47961, 9.67653
48400, 9.58424
48841, 10.0554
49284, 9.9752
49729, 10.2748
50176, 10.2702
50625, 10.5452
51076, 10.5744
51529, 10.8851
51984, 10.6504
52441, 11.3141
52900, 11.1165
53361, 11.4852
53824, 11.3586
54289, 11.8386
54756, 11.7394
55225, 12.0176
55696, 11.9689
56169, 12.4225
56644, 12.4313
57121, 13.2578
57600, 14.4357
58081, 14.9004
58564, 13.1835
59049, 13.3941
59536, 13.485
60025, 13.8231
60516, 13.7401
61009, 14.3462
61504, 14.3397
62001, 14.7506
62500, 14.7168
63001, 15.0646
63504, 15.3767
64009, 15.335
64516, 15.1063
65025, 15.9105
65536, 23.0576
66049, 15.9309
66564, 15.8349
67081, 16.2806
67600, 16.013
68121, 16.7124
68644, 16.5779
69169, 17.0296
69696, 16.774
70225, 17.5026
70756, 17.3691
71289, 17.8319
71824, 17.6065
72361, 18.2674
72900, 18.3685
73441, 18.9621
73984, 18.8568
74529, 19.2033
75076, 19.0757
75625, 19.5701
76176, 19.2371
76729, 19.9731
77284, 19.9495
77841, 20.4169
78400, 20.1252
78961, 20.8436
79524, 20.788
80089, 21.4961
80656, 21.5592
81225, 21.8291
81796, 21.7169
82369, 22.2131
82944, 22.3801
83521, 22.803
84100, 22.6644
84681, 23.2237
85264, 22.9459
85849, 23.7412
86436, 23.668
87025, 24.2384
87616, 24.2644
88209, 24.7091
88804, 24.8789
89401, 25.2072
90000, 25.2044
90601, 25.9038
91204, 25.7647
91809, 26.3022
92416, 26.835
93025, 26.9162
93636, 26.989
94249, 27.4096
94864, 27.8595
95481, 28.0251
96100, 28.0065
96721, 28.4624
97344, 28.5389
97969, 29.0472
98596, 29.0454
99225, 29.6714
99856, 29.601
100489, 30.2869
101124, 30.2247
101761, 30.6352
102400, 31.2552
103041, 31.2506
103684, 31.4839
104329, 31.879
104976, 31.9615
105625, 32.5723
106276, 32.6846
106929, 33.6705
107584, 33.3389
108241, 33.7902
108900, 33.7693
109561, 34.3337
110224, 34.4789
110889, 35.1184
111556, 35.104
112225, 35.6462
112896, 36.199
113569, 36.5946
114244, 36.3993
114921, 37.1149
115600, 37.0955
116281, 37.9103
116964, 37.8968
117649, 38.9181
118336, 38.1816
119025, 38.9733
119716, 39.1189
120409, 39.6123
121104, 40.1382
121801, 40.602
122500, 41.3167
123201, 41.9701
123904, 42.3769
124609, 41.6854
125316, 41.966
126025, 42.4654
126736, 42.4033
127449, 43.1815
128164, 43.3549
128881, 43.7672
129600, 43.8795
130321, 44.608
131044, 45.0904
131769, 45.4544
132496, 44.9053
133225, 46.2322
133956, 46.2405
134689, 46.766
135424, 47.7018
136161, 47.8122
136900, 49.6705
137641, 48.3678
138384, 48.6744
139129, 49.5472
139876, 49.2249
140625, 50.317
141376, 50.2298
142129, 51.4148
142884, 51.0039
143641, 51.7844
144400, 51.783
145161, 52.9447
145924, 53.4618
146689, 53.5847
147456, 67.0303
148225, 58.4079
148996, 55.6216
149769, 56.1253
150544, 55.361
151321, 56.3558
152100, 56.9373
152881, 57.3019
153664, 57.7285
154449, 57.8978
155236, 58.2359
156025, 58.766
156816, 58.8346
157609, 59.9008
158404, 60.6299
159201, 61.6664
160000, 63.1115
160801, 62.273
161604, 61.729
162409, 62.5642
163216, 62.5619
164025, 63.6597
164836, 63.7621
165649, 64.4239
166464, 64.8344
167281, 65.6817
168100, 65.7642
168921, 66.9
169744, 66.4548
170569, 67.6049
171396, 67.643
172225, 68.6665
173056, 69.8357
173889, 69.3784
174724, 69.7383
175561, 71.0132
176400, 70.6366
177241, 71.5354
178084, 72.1091
178929, 73.0347
179776, 72.52
180625, 73.8371
181476, 73.8097
182329, 75.5358
183184, 75.2627
184041, 76.1591
184900, 76.168
185761, 76.7978
186624, 78.1942
187489, 77.8885
188356, 78.7924
189225, 79.3819
190096, 79.4431
190969, 80.4731
191844, 80.571
192721, 81.4025
193600, 81.2852
194481, 82.1724
195364, 83.2548
196249, 84.6698
197136, 83.6866
198025, 84.6081
198916, 84.9698
199809, 85.5829
200704, 90.8527
201601, 87.5544
202500, 88.9782
203401, 90.9886
204304, 92.5988
205209, 89.6479
206116, 89.8607
207025, 91.0721
207936, 90.7154
208849, 91.8494
209764, 91.8818
210681, 92.9128
211600, 93.2203
212521, 94.6913
213444, 94.6839
214369, 95.3986
215296, 97.2903
216225, 96.8261
217156, 97.3844
218089, 98.0476
219024, 98.1543
219961, 99.1417
220900, 100.051
221841, 100.144
222784, 100.773
223729, 102.361
224676, 101.821
225625, 103.386
226576, 103.771
227529, 104.637
228484, 104.719
229441, 106.022
230400, 108.333
231361, 107.15
232324, 111.423
233289, 109.08
234256, 109.587
235225, 110.094
236196, 110.511
237169, 111.054
238144, 111.529
239121, 113.215
240100, 113.565
241081, 113.86
242064, 116
243049, 117.034
244036, 116.247
245025, 117.354
246016, 118.818
247009, 118.411
248004, 119.032
249001, 119.893
250000, 120.754
251001, 122.155
252004, 122.58
253009, 123.344
254016, 123.993
255025, 124.669
256036, 125.434
257049, 125.581
258064, 125.995
259081, 128.085
260100, 128.008
261121, 128.526
262144, 191.866
263169, 130.817
264196, 130.85
265225, 131.597
266256, 132.864
267289, 134.044
268324, 134.748
269361, 135.229
270400, 136.718
271441, 137.576
272484, 137.098
273529, 138.343
274576, 138.699
275625, 140.674
276676, 141.743
277729, 143.071
278784, 145.839
279841, 147.399
280900, 144.526
281961, 145.105
283024, 145.746
284089, 146.848
285156, 147.782
286225, 148.717
287296, 150.108
288369, 150.097
289444, 150.818
290521, 152.184
291600, 151.874
292681, 154.439
293764, 155.811
294849, 155.339
295936, 159.307
297025, 157.102
298116, 159.207
299209, 158.689
300304, 159.001
301401, 161.321
302500, 161.282
303601, 162.242
304704, 163.524
305809, 164.484
306916, 164.93
308025, 165.836
309136, 166.315
310249, 167.521
311364, 168.765
312481, 169.175
313600, 175.725
314721, 171.68
315844, 171.331
316969, 173.1
318096, 173.67
319225, 228.267
320356, 176.396
321489, 176.865
322624, 178.14
323761, 179.077
324900, 179.412
326041, 180.501
327184, 181.197
328329, 183.048
329476, 182.86
330625, 184.854
331776, 193.945
332929, 187.027
334084, 187.208
335241, 188.584
336400, 189.115
337561, 192.647
338724, 191.556
339889, 193.583
341056, 193.868
342225, 195.8
343396, 198.471
344569, 197.454
345744, 197.243
346921, 198.518
348100, 198.917
349281, 200.751
350464, 205.271
351649, 202.519
352836, 203.347
354025, 204.022
355216, 205.135
356409, 207.057
357604, 207.366
358801, 208.346
360000, 210.313
361201, 211.285
362404, 210.972
363609, 213.92
364816, 213.792
366025, 215.403
367236, 216.764
368449, 217.119
369664, 223.965
370881, 222.503
372100, 222.614
373321, 221.858
374544, 221.52
375769, 226.842
376996, 224.34
378225, 226.028
379456, 228.697
380689, 228.502
381924, 228.51
383161, 230.881
384400, 230.406
385641, 233.189
386884, 232.937
388129, 234.789
389376, 240.653
390625, 236.917
391876, 238.681
393129, 238.588
394384, 239.797
395641, 241.91
396900, 246.889
398161, 245.153
399424, 244.769
400689, 245.907
401956, 246.847
403225, 248.08
404496, 249.237
405769, 250.837
407044, 252.368
408321, 253.314
409600, 321.768
410881, 255.478
412164, 256.668
413449, 257.988
414736, 258.737
416025, 262.129
417316, 264.248
418609, 262.791
419904, 264.428
421201, 268.36
422500, 272.425
423801, 266.622
425104, 268.929
426409, 271.6
427716, 271.758
429025, 272.297
430336, 279.148
431649, 275.635
432964, 277.352
434281, 277.27
435600, 278.629
436921, 281.835
438244, 284.686
439569, 283.102
440896, 283.97
442225, 287.168
443556, 287.242
444889, 290.93
446224, 288.675
447561, 290.49
448900, 292.056
450241, 292.689
451584, 299.755
452929, 295.863
454276, 296.884
455625, 298.061
456976, 298.911
458329, 301.908
459684, 302.077
461041, 306.287
462400, 306.095
463761, 306.896
465124, 310.161
466489, 316.723
467856, 311.008
469225, 312.495
470596, 313.303
471969, 314.843
473344, 322.167
474721, 317.768
476100, 318.507
477481, 321.588
478864, 324.032
480249, 324.445
481636, 328.314
483025, 327.204
484416, 326.149
485809, 331.766
487204, 333.629
488601, 331.719
490000, 333.476
491401, 335.886
492804, 336.005
494209, 338.038
495616, 388.151
497025, 343.475
498436, 341.799
499849, 345.552
501264, 345.102
502681, 350.756
504100, 351.368
505521, 349.913
506944, 359.933
508369, 353.396
509796, 354.489
511225, 355.678
512656, 357.41
514089, 360.747
515524, 360.945
516961, 362.692
518400, 375.606
519841, 364.411
521284, 372.692
522729, 367.478
524176, 368.054
525625, 375.712
527076, 376.274
528529, 374.651
529984, 379.582
531441, 378.141
532900, 391.969
534361, 384.025
535824, 381.936
537289, 385.609
538756, 385.32
540225, 391.016
541696, 401.484
543169, 391.81
544644, 406.185
546121, 393.514
547600, 393.375
549081, 397.897
550564, 401.61
552049, 402.309
553536, 405.08
555025, 411.292
556516, 405.187
558009, 407.373
559504, 408.089
561001, 411.686
562500, 418.621
564001, 416.698
565504, 428.953
567009, 417.295
568516, 420.291
570025, 422.716
571536, 422.821
573049, 425.533
574564, 431.234
576081, 431.038
577600, 438.796
579121, 434.104
580644, 447.751
582169, 440.083
583696, 436.019
585225, 441.427
586756, 445.955
588289, 445.118
589824, 592.632
591361, 448.724
592900, 451.381
594441, 530.71
595984, 460.143
597529, 453.297
599076, 453.465
600625, 464.843
602176, 464.502
603729, 462.722
605284, 477.849
606841, 469.123
608400, 469.847
609961, 470.135
611524, 473.17
613089, 487.453
614656, 492.001
616225, 479.095
617796, 481.415
619369, 485.433
620944, 486.912
622521, 544.968
624100, 491.129
625681, 493.137
627264, 497.327
628849, 498.87
630436, 493.782
632025, 507.272
633616, 499.081
635209, 506.782
636804, 500.063
638401, 506.249
640000, 529.869
641601, 512.976
643204, 529.822
644809, 515.107
646416, 515.844
648025, 547.141
649636, 520.384
651249, 527.939
652864, 525.68
654481, 538.889
656100, 526.237
657721, 533.933
659344, 527.747
660969, 551.204
662596, 532.501
664225, 538.396
665856, 551.009
667489, 553.29
669124, 548.399
670761, 601.688
672400, 556.088
674041, 554.159
675684, 556.569
677329, 556.55
678976, 561.606
680625, 559.327
682276, 564.27
683929, 567.316
685584, 562.557
687241, 587.966
688900, 582.139
690561, 579.123
692224, 710.676
693889, 585.116
695556, 592.212
697225, 590.819
698896, 591.987
700569, 602.14
702244, 601.945
703921, 605.841
705600, 615.177
707281, 611.549
708964, 602.098
710649, 611.754
712336, 603.585
714025, 624.155
715716, 621.448
717409, 621.396
719104, 639.329
720801, 630.492
722500, 630.179
724201, 630.496
725904, 640.123
727609, 644.429
729316, 639.758
731025, 649.754
732736, 654.644
734449, 656.907
736164, 648.513
737881, 657.166
739600, 655.68
741321, 651.033
743044, 660.784
744769, 673.962
746496, 693.216
748225, 729.27
749956, 699.393
751689, 655.66
753424, 701.506
755161, 689.391
756900, 697.595
758641, 676.831
760384, 702.191
762129, 703.833
763876, 703.732
765625, 710.398
767376, 714.917
769129, 720.214
770884, 705.819
772641, 718.335
774400, 735.1
776161, 759.201
777924, 729.832
779689, 748.603
781456, 753.475
783225, 766.95
784996, 742.511
786769, 751.55
788544, 734.85
790321, 752.268
792100, 734.646
793881, 748.474
795664, 750.915
797449, 757.118
799236, 762.722
801025, 780.936
802816, 918.494
804609, 762.888
806404, 766.254
808201, 799.331
810000, 760.5
811801, 787.242
813604, 784.964
815409, 788.113
817216, 787.201
819025, 828.439
820836, 790.589
822649, 815.279
824464, 785.381
826281, 796.418
828100, 844.807
829921, 814.328
831744, 819.554
833569, 826.024
835396, 818.525
837225, 813.626
839056, 826.851
840889, 898.174
842724, 817.919
844561, 849.475
846400, 841.529
848241, 940.17
850084, 836.994
851929, 859.85
853776, 829.636
855625, 861.227
857476, 861.323
859329, 860.854
861184, 862.939
863041, 1135.62
864900, 888.102
866761, 909.978
868624, 866.872
870489, 887.246
872356, 888.19
874225, 906.871
876096, 885.239
877969, 893.838
879844, 943.695
881721, 915.972
883600, 912.887
885481, 930.677
887364, 902.53
889249, 1012.66
891136, 923.064
893025, 943.964
894916, 924.668
896809, 947.067
898704, 922.399
900601, 960.663
902500, 950.269
904401, 974.816
906304, 941.507
908209, 978.367
910116, 1057.88
912025, 1011.74
913936, 961.737
915849, 1155.4
917764, 968.88
919681, 1020.89
921600, 1218.13
923521, 1014.89
925444, 979.477
927369, 1005.62
929296, 1006.33
931225, 1020.42
933156, 991.014
935089, 1019.33
937024, 1011.92
938961, 1043.09
940900, 1013.37
942841, 1068.71
944784, 1051.41
946729, 1117.61
948676, 1070.04
950625, 1126.58
952576, 1082.45
954529, 1279.09
956484, 1077.13
958441, 1108.25
960400, 1052.24
962361, 1105.88
964324, 1085.6
966289, 1358.79
968256, 1081.59
970225, 1258.84
972196, 1235.48
974169, 1401.72
976144, 1130.8
978121, 1146.4
980100, 1158.75
982081, 1287.89
984064, 1118.78
986049, 1458.7
988036, 1239.64
990025, 1242.99
992016, 1158.39
994009, 1261.55
996004, 1263.57
998001, 1499.99
1e+06, 1208.55
