4, 0.000464
9, 0.000464
16, 0.000463
25, 0.000463
36, 0.000464
49, 0.000928
64, 0.000928
81, 0.001392
100, 0.001856
121, 0.001855
144, 0.001855
169, 0.002782
196, 0.002783
225, 0.004174
256, 0.004174
289, 0.005566
324, 0.005566
361, 0.006493
400, 0.006493
441, 0.009275
484, 0.009739
529, 0.011131
576, 0.011594
625, 0.015768
676, 0.014841
729, 0.016696
784, 0.017159
841, 0.021333
900, 0.022261
961, 0.025508
1024, 0.027363
1089, 0.033392
1156, 0.033855
1225, 0.037102
1296, 0.038957
1369, 0.046841
1444, 0.047304
1521, 0.051478
1600, 0.053798
1681, 0.062609
1764, 0.062609
1849, 0.068638
1936, 0.06029
2025, 0.069565
2116, 0.070029
2209, 0.074667
2304, 0.079304
2401, 0.094608
2500, 0.125217
2601, 0.116406
2704, 0.121043
2809, 0.143304
2916, 0.146088
3025, 0.146087
3136, 0.14887
3249, 0.169739
3364, 0.153043
3481, 0.161856
3600, 0.16742
3721, 0.191536
3844, 0.167884
3969, 0.176232
4096, 0.183653
4225, 0.202203
4356, 0.202203
4489, 0.214261
4624, 0.224001
4761, 0.250899
4900, 0.251827
5041, 0.262493
5184, 0.265276
5329, 0.286145
5476, 0.324174
5625, 0.324174
5776, 0.331594
5929, 0.341797
6084, 0.345971
6241, 0.366377
6400, 0.367304
6561, 0.402088
6724, 0.410435
6889, 0.433159
7056, 0.431305
7225, 0.47629
7396, 0.480928
7569, 0.505972
7744, 0.504116
7921, 0.55142
8100, 0.56116
8281, 0.669682
8464, 0.781913
8649, 0.712349
8836, 0.648812
9025, 0.682204
9216, 0.712812
9409, 0.731363
9604, 0.742957
9801, 0.776349
10000, 0.774493
10201, 0.838493
10404, 0.847305
10609, 0.880697
10816, 0.879769
11025, 0.946087
11236, 0.961856
11449, 0.999885
11664, 1.00545
11881, 1.07641
12100, 1.08754
12321, 1.14597
12544, 1.13531
12769, 1.20394
12996, 1.2276
13225, 1.26609
13456, 1.26284
13689, 1.35096
13924, 1.36905
14161, 1.41774
14400, 1.43722
14641, 1.69739
14884, 1.55919
15129, 1.60789
15376, 1.57264
15625, 1.67328
15876, 1.69183
16129, 1.74052
16384, 1.89357
16641, 1.87548
16900, 1.87409
17161, 1.92557
17424, 1.93252
17689, 2.03734
17956, 2.06006
18225, 2.12313
18496, 2.17832
18769, 3.02748
19044, 2.29055
19321, 2.35873
19600, 2.36336
19881, 2.53681
20164, 2.53821
20449, 2.72325
20736, 2.62493
21025, 2.78679
21316, 2.77797
21609, 2.8327
21904, 2.99734
22201, 2.94771
22500, 2.97322
22801, 3.06597
23104, 3.0567
23409, 3.40777
23716, 3.21206
24025, 3.31873
24336, 3.41426
24649, 3.51815
24964, 3.66841
25281, 3.64383
25600, 3.81589
25921, 3.89519
26244, 4.10528
26569, 3.93925
26896, 3.99166
27225, 4.07235
27556, 4.22354
27889, 4.21519
28224, 4.14331
28561, 4.66319
28900, 4.40441
29241, 4.66829
29584, 4.52313
29929, 4.61682
30276, 4.79722
30625, 4.79537
30976, 4.93914
31329, 5.22853
31684, 5.01844
32041, 5.40012
32400, 5.16777
32761, 5.39316
33124, 5.70482
33489, 5.55641
33856, 5.70435
34225, 5.88847
34596, 5.81473
34969, 6.11154
35344, 5.97519
35721, 6.21079
36100, 6.26876
36481, 6.43618
36864, 6.52012
37249, 6.70841
37636, 6.70609
38025, 6.87212
38416, 6.82714
38809, 7.12024
39204, 7.14018
39601, 7.36279
40000, 7.21253
40401, 7.53114
40804, 7.4945
41209, 7.72267
41616, 7.65543
42025, 8.06494
42436, 7.97682
42849, 8.22865
43264, 8.11873
43681, 8.47769
44100, 8.55792
44521, 8.73879
44944, 8.64047
45369, 9.15201
45796, 9.09311
46225, 9.21879
46656, 9.23131
47089, 9.51328
47524, 9.47433
47961, 9.71734
48400, 9.53694
48841, 10.0856
49284, 10.0564
49729, 10.2358
50176, 10.3434
50625, 10.5934
51076, 10.4849
51529, 10.9732
51984, 10.6616
52441, 11.719
52900, 11.0706
53361, 11.475
53824, 11.3605
54289, 11.7788
54756, 11.6902
55225, 12.0515
55696, 11.8822
56169, 12.3886
56644, 12.3093
57121, 12.6943
57600, 12.8436
58081, 13.1984
58564, 13.4516
59049, 13.3102
59536, 13.1757
60025, 13.7252
60516, 13.6144
61009, 14.0698
61504, 14.0267
62001, 14.4955
62500, 14.3476
63001, 14.7441
63504, 14.5364
64009, 15.207
64516, 15.021
65025, 15.5168
65536, 23.015
66049, 16.0928
66564, 15.8479
67081, 16.3432
67600, 16.0547
68121, 16.7754
68644, 16.5705
69169, 17.0296
69696, 16.7884
70225, 17.3987
70756, 17.5625
71289, 17.7707
71824, 17.5625
72361, 18.2409
72900, 18.1589
73441, 18.6236
73984, 18.7548
74529, 19.1945
75076, 18.9779
75625, 19.4194
76176, 19.2237
76729, 20.0524
77284, 19.9142
77841, 20.3214
78400, 20.1011
78961, 20.7884
79524, 20.749
80089, 21.5022
80656, 21.0574
81225, 21.8254
81796, 21.6612
82369, 22.2688
82944, 22.4849
83521, 22.6723
84100, 22.6032
84681, 23.143
85264, 22.8935
85849, 23.6893
86436, 23.5492
87025, 24.0946
87616, 24.6549
88209, 24.6247
88804, 24.7337
89401, 25.1599
90000, 25.1692
90601, 25.748
91204, 25.7507
91809, 26.1923
92416, 26.6709
93025, 27.0261
93636, 26.9681
94249, 27.425
94864, 27.4435
95481, 27.9198
96100, 27.8632
96721, 28.3919
97344, 28.3251
97969, 28.948
98596, 28.9188
99225, 29.6144
99856, 29.434
100489, 30.1644
101124, 30.6574
101761, 30.6556
102400, 31.1806
103041, 31.2214
103684, 31.604
104329, 31.9291
104976, 31.9101
105625, 32.4907
106276, 32.6326
106929, 33.0389
107584, 33.0565
108241, 33.7378
108900, 33.7846
109561, 34.3077
110224, 34.3268
110889, 34.9412
111556, 35.091
112225, 35.5084
112896, 36.1095
113569, 36.4921
114244, 36.5746
114921, 37.0468
115600, 36.9679
116281, 37.8324
116964, 37.8189
117649, 38.183
118336, 38.1023
119025, 38.926
119716, 38.9348
120409, 40.6382
121104, 39.5571
121801, 40.3293
122500, 40.6604
123201, 41.0282
123904, 41.9469
124609, 42.3462
125316, 41.7619
126025, 42.9519
126736, 42.8958
127449, 43.246
128164, 43.2279
128881, 43.8697
129600, 43.834
130321, 44.615
131044, 45.0064
131769, 45.3881
132496, 45.5314
133225, 46.1983
133956, 46.2813
134689, 46.7386
135424, 47.4936
136161, 47.8544
136900, 47.5298
137641, 48.4147
138384, 48.6925
139129, 49.6274
139876, 49.3051
140625, 49.9766
141376, 50.6157
142129, 51.4157
142884, 51.1449
143641, 51.7686
144400, 51.7097
145161, 53.0101
145924, 52.7444
146689, 53.4674
147456, 66.2169
148225, 54.2285
148996, 54.3629
149769, 55.5956
150544, 55.7496
151321, 56.2166
152100, 56.6994
152881, 56.9985
153664, 57.0472
154449, 58.0643
155236, 58.0467
156025, 58.7177
156816, 58.798
157609, 59.6722
158404, 60.0228
159201, 60.4295
160000, 62.0355
160801, 61.8208
161604, 61.6478
162409, 62.3374
163216, 62.51
164025, 63.3837
164836, 63.5497
165649, 64.2468
166464, 64.6266
167281, 65.6794
168100, 65.5899
168921, 66.2368
169744, 66.3133
170569, 67.4551
171396, 67.4857
172225, 68.193
173056, 69.978
173889, 69.4368
174724, 69.4433
175561, 70.2897
176400, 70.3583
177241, 71.2534
178084, 71.4463
178929, 73.4512
179776, 72.5677
180625, 73.5681
181476, 73.7086
182329, 74.4576
183184, 74.6329
184041, 75.7663
184900, 75.9555
185761, 77.3353
186624, 78.0648
187489, 77.6835
188356, 79.2659
189225, 78.7335
190096, 79.3629
190969, 80.3488
191844, 80.2004
192721, 81.7494
193600, 81.6362
194481, 82.0805
195364, 82.5309
196249, 83.3879
197136, 83.5869
198025, 84.667
198916, 84.7138
199809, 85.3357
200704, 88.7992
201601, 87.5052
202500, 87.1087
203401, 88.0437
204304, 88.7959
205209, 89.4684
206116, 89.7666
207025, 90.7034
207936, 90.7915
208849, 91.5303
209764, 91.7163
210681, 92.5339
211600, 93.723
212521, 94.4163
213444, 94.4386
214369, 95.3123
215296, 97.2397
216225, 97.147
217156, 97.1308
218089, 97.7267
219024, 98.1561
219961, 99.2029
220900, 99.931
221841, 100.579
222784, 100.891
223729, 101.774
224676, 101.761
225625, 103.236
226576, 103.748
227529, 105.111
228484, 104.714
229441, 107.031
230400, 108.206
231361, 107.193
232324, 111.914
233289, 108.423
234256, 108.919
235225, 111.42
236196, 111.269
237169, 111.606
238144, 111.626
239121, 113.169
240100, 113.152
241081, 113.957
242064, 115.029
243049, 115.458
244036, 116.453
245025, 117.014
246016, 118.807
247009, 118.44
248004, 119.207
249001, 119.971
250000, 121.166
251001, 121.672
252004, 123.274
253009, 123.343
254016, 123.549
255025, 124.685
256036, 124.789
257049, 126.245
258064, 125.93
259081, 127.169
260100, 127.696
261121, 128.497
262144, 192.276
263169, 129.786
264196, 130.882
265225, 131.489
266256, 132.709
267289, 133.451
268324, 134.443
269361, 135.163
270400, 136.698
271441, 136.867
272484, 137.264
273529, 138.004
274576, 141.012
275625, 140.389
276676, 140.712
277729, 141.372
278784, 145.977
279841, 143.479
280900, 143.436
281961, 144.751
283024, 146.133
284089, 147.156
285156, 146.762
286225, 147.974
287296, 150.842
288369, 149.792
289444, 149.887
290521, 151.942
291600, 152.481
292681, 154.178
293764, 153.706
294849, 155.019
295936, 159.49
297025, 156.607
298116, 158.736
299209, 158.072
300304, 159.207
301401, 160.728
302500, 160.577
303601, 163.846
304704, 165.483
305809, 163.557
306916, 163.843
308025, 167.949
309136, 167.719
310249, 167.577
311364, 168.002
312481, 169.518
313600, 172.782
314721, 171.137
315844, 171.825
316969, 172.549
318096, 173.376
319225, 229.59
320356, 175.068
321489, 176.625
322624, 178.135
323761, 178.187
324900, 179.184
326041, 179.769
327184, 181.279
328329, 182.658
329476, 182.971
330625, 184.804
331776, 192.96
332929, 185.839
334084, 187.405
335241, 188.179
336400, 188.69
337561, 193.27
338724, 192.229
339889, 191.785
341056, 194.528
342225, 195.746
343396, 194.787
344569, 196.512
345744, 197.017
346921, 199.06
348100, 198.881
349281, 200.09
350464, 205.496
351649, 202.42
352836, 202.723
354025, 203.688
355216, 205.42
356409, 206.701
357604, 206.984
358801, 209.187
360000, 209.427
361201, 210.8
362404, 211.198
363609, 212.941
364816, 214.084
366025, 214.686
367236, 217.555
368449, 217.935
369664, 222.376
370881, 218.851
372100, 219.836
373321, 221.311
374544, 221.8
375769, 225.753
376996, 225.062
378225, 226.052
379456, 228.756
380689, 227.709
381924, 228.627
383161, 229.259
384400, 231.766
385641, 233.004
386884, 233.046
388129, 234.845
389376, 241.238
390625, 237.097
391876, 237.447
393129, 240.752
394384, 242.428
395641, 241.602
396900, 244.972
398161, 244.683
399424, 245.147
400689, 247.086
401956, 245.987
403225, 248.995
404496, 248.771
405769, 251.786
407044, 251.634
408321, 253.281
409600, 329.815
410881, 255.612
412164, 256.694
413449, 257.622
414736, 259.088
416025, 261.097
417316, 263.687
418609, 264.611
419904, 266.122
421201, 265.142
422500, 266.618
423801, 268.475
425104, 268.598
426409, 274.672
427716, 271.566
429025, 272.991
430336, 280.568
431649, 275.897
432964, 276.369
434281, 277.766
435600, 278.728
436921, 281.216
438244, 286.934
439569, 283.115
440896, 290.247
442225, 285.645
443556, 287.51
444889, 288.345
446224, 288.99
447561, 291.894
448900, 291.727
450241, 293.201
451584, 301.491
452929, 295.565
454276, 296.984
455625, 298.365
456976, 300.078
458329, 301.894
459684, 302.519
461041, 304.536
462400, 309.414
463761, 308.37
465124, 308.942
466489, 312.518
467856, 310.573
469225, 313.302
470596, 314.895
471969, 315.37
473344, 323.698
474721, 318.128
476100, 319.025
477481, 322.041
478864, 322.231
480249, 323.781
481636, 324.599
483025, 327.32
484416, 335.93
485809, 331.128
487204, 331.046
488601, 331.166
490000, 334.415
491401, 335.793
492804, 336.341
494209, 341.05
495616, 402.821
497025, 343.317
498436, 341.029
499849, 345.379
501264, 347.158
502681, 348.741
504100, 357.189
505521, 349.547
506944, 353.49
508369, 355.978
509796, 352.488
511225, 362.89
512656, 361.457
514089, 359.069
515524, 360.196
516961, 363.929
518400, 378.332
519841, 363.821
521284, 366.95
522729, 372.418
524176, 368.503
525625, 374.741
527076, 373.515
528529, 380.49
529984, 381.71
531441, 378.645
532900, 394.763
534361, 380.817
535824, 384.135
537289, 384.467
538756, 385.254
540225, 388.547
541696, 406.713
543169, 392.097
544644, 395.013
546121, 396.086
547600, 396.337
549081, 400.971
550564, 403.541
552049, 400.941
553536, 411.193
555025, 411.357
556516, 406.75
558009, 408.849
559504, 412.324
561001, 414.008
562500, 412.907
564001, 413.601
565504, 430.354
567009, 420.161
568516, 420.06
570025, 422.159
571536, 421.684
573049, 425.459
574564, 432.594
576081, 431.21
577600, 433.923
579121, 432.219
580644, 440.968
582169, 434.622
583696, 438.323
585225, 439.632
586756, 442.575
588289, 441.366
589824, 588.68
591361, 447.675
592900, 446.585
594441, 527.851
595984, 457.114
597529, 459.413
599076, 455.646
600625, 459.484
602176, 466.189
603729, 462.683
605284, 483.063
606841, 466.421
608400, 469.933
609961, 473.467
611524, 470.637
613089, 479.282
614656, 492.096
616225, 479.525
617796, 481.272
619369, 499.699
620944, 482.12
622521, 487.314
624100, 494.511
625681, 494.238
627264, 499.875
628849, 502.319
630436, 495.622
632025, 516.833
633616, 501.911
635209, 500.487
636804, 506.633
638401, 514.181
640000, 532.403
641601, 523.392
643204, 527.051
644809, 518.807
646416, 520.363
648025, 525.479
649636, 514.016
651249, 524.37
652864, 533.359
654481, 523.205
656100, 539.415
657721, 533.125
659344, 539.496
660969, 547.637
662596, 536.576
664225, 543.091
665856, 557.752
667489, 544.907
669124, 551.523
670761, 578.924
672400, 562.105
674041, 555.354
675684, 561.116
677329, 554.534
678976, 563.87
680625, 561.568
682276, 571.576
683929, 570.828
685584, 572.451
687241, 578.496
688900, 574.285
690561, 577.722
692224, 734.076
693889, 582.438
695556, 590.605
697225, 585.587
698896, 593.054
700569, 587.567
702244, 592.293
703921, 588.454
705600, 598.958
707281, 615.794
708964, 594.544
710649, 621.171
712336, 618.014
714025, 613.411
715716, 625.938
717409, 622.121
719104, 641.775
720801, 623.876
722500, 632.827
724201, 621.208
725904, 641.018
727609, 636.381
729316, 633.121
731025, 643.442
732736, 661.422
734449, 635.546
736164, 649.362
737881, 660.632
739600, 654.483
741321, 671.401
743044, 654.965
744769, 667.643
746496, 702.176
748225, 736.927
749956, 671.484
751689, 678.749
753424, 686.269
755161, 690.702
756900, 679.581
758641, 698.568
760384, 703.851
762129, 730.275
763876, 706.391
765625, 707.241
767376, 713.384
769129, 746.635
770884, 703.817
772641, 730.391
774400, 750.716
776161, 778.739
777924, 765.384
779689, 807.396
781456, 748.269
783225, 742.274
784996, 749.827
786769, 764.331
788544, 749.294
790321, 739.081
792100, 741.132
793881, 769.887
795664, 743.066
797449, 759.178
799236, 746.468
801025, 753.663
802816, 938.802
804609, 769.749
806404, 756.931
808201, 751.587
810000, 793.82
811801, 793.834
813604, 764.196
815409, 795.344
817216, 803.044
819025, 797.811
820836, 798.155
822649, 818.174
824464, 804.311
826281, 805.745
828100, 858.435
829921, 809.134
831744, 823.757
833569, 819.739
835396, 810.76
837225, 819.272
839056, 824.606
840889, 877.171
842724, 832.201
844561, 825.121
846400, 841.871
848241, 947.853
850084, 829.917
851929, 866.979
853776, 840.765
855625, 858.195
857476, 848.766
859329, 865.786
861184, 866.918
863041, 1146.35
864900, 868.666
866761, 929.91
868624, 871.182
870489, 892.975
872356, 885.638
874225, 888.563
876096, 886.239
877969, 902.059
879844, 934.941
881721, 970.857
883600, 924.785
885481, 942.223
887364, 905.469
889249, 930.033
891136, 930.553
893025, 943.213
894916, 924.451
896809, 945.987
898704, 913.569
900601, 950.359
902500, 941.342
904401, 971.349
906304, 944.539
908209, 994.115
910116, 937.254
912025, 992.541
913936, 982.427
915849, 1170.29
917764, 967.436
919681, 995.929
921600, 1184.15
923521, 985.137
925444, 996.214
927369, 982.456
929296, 993.848
931225, 1018.06
933156, 991.068
935089, 1025.76
937024, 1016.3
938961, 1050.23
940900, 1036.84
942841, 1079.9
944784, 1046.86
946729, 1137.41
948676, 1024.07
950625, 1069.59
952576, 1045.94
954529, 1113.4
956484, 1050.84
958441, 1078.96
960400, 1029.87
962361, 1080.64
964324, 1060.41
966289, 1390.04
968256, 1063.3
970225, 1287.66
972196, 1252.29
974169, 1391.31
976144, 1119.94
978121, 1181.12
980100, 1163.74
982081, 1302.73
984064, 1104.09
986049, 1446.74
988036, 1254.28
990025, 1236.14
992016, 1160.77
994009, 1255.7
996004, 1270.5
998001, 1486.17
1e+06, 1368.11
